11111    -50.01304961892513
11112    -24.66040411123325
11113    -108.10830113642851
11114    -82.5346681808346
11121    -35.80521808540222
11122    -20.318006702337648
11123    -93.08800312712488
11124    -60.414306356130496
11131    -21.11152236935166
11132    -42.27010922957422
11133    -111.41109980650636
11134    -53.48706281910069
11141    -30.347911069852085
11142    -50.633766818645014
11143    -116.34346339003307
11144    -60.94894397598692
11211    -42.31254155653159
11212    -20.158152910586644
11213    -89.92223007149916
11214    -65.31580068133894
11221    -32.59442951000567
11222    -16.34727448447063
11223    -93.75317433876427
11224    -62.790104575999656
11231    -22.283122684050667
11232    -54.722014120034444
11233    -101.58575900273505
11234    -61.61285602836184
11241    -20.95973652693081
11242    -60.53913938892426
11243    -101.51621617383144
11244    -62.64279484741309
11311    -29.29017058885249
11312    -23.920366221852955
11313    -85.92019424304972
11314    -58.0293316421491
11321    -25.350680274492927
11322    -22.3298155163464
11323    -106.51852848164519
11324    -53.40625479541421
11331    -20.37397321317486
11332    -50.96241263372458
11333    -94.26137822423291
11334    -54.47902636589464
11341    -19.090320240603443
11342    -48.586758711020885
11343    -90.96305615836044
11344    -59.961842271617186
11411    -0.350000 
11412    0.000000 
11413    0.000000 
11414    -1.183843 
11421    -12.988137098220678
11422    -13.225689923103133
11423    -38.14186016822073
11424    -23.697434258194143
11431    -2.651365 
11432    -3.114183 
11433    -8.500960 
11434    -14.973610857769158
11441    -0.193504 
11442    -0.350000 
11443    -0.379319 
11444    0.000000 
12111    -1.68917994
12112    -0.674806 
12113    -26.46240402320832
12114    -1.966020 
12121    -29.651599273325438
12122    -23.13407541110628
12123    -85.47857263847386
12124    -46.59814804679541
12131    -17.750969798985523
12132    -32.17302121297732
12133    -90.38778541476903
12134    -45.70913118227995
12141    -5.090639545504875
12142    -5.58458201458634
12143    0.0
12144    -2.69677683
12211    0.000000 
12212    0.000000 
12213    0.000000 
12214    0.000000 
12221    -30.363649772089175
12222    -11.013763322141678
12223    -79.61957347149782
12224    -51.21768771809418
12231    -16.107520817983286
12232    -39.38952400821738
12233    -90.74034961770505
12234    -50.37676943454268
12241    0.000000 
12242    0.000000 
12243    0.000000 
12244    0.000000 
12311    0.000000 
12312    0.000000 
12313    0.000000 
12314    0.000000 
12321    -28.530070356072514
12322    -25.443461838151315
12323    -79.92242838978686
12324    -52.29637954996693
12331    -21.10813870518328
12332    -41.95086085209735
12333    -88.22602380197364
12334    -56.8613336231204
12341    0.000000 
12342    0.000000 
12343    -3.097620 
12344    0.000000 
12411    0.000000 
12412    0.000000 
12413    0.000000 
12414    0.000000 
12421    -22.227041718194325
12422    -17.336970891185036
12423    -73.73055431810832
12424    -38.08315063168528
12431    -12.836266319178817
12432    -8.556394 
12433    -27.622702 
12434    -32.44912853998789
12441    0.000000 
12442    0.000000 
12443    0.000000 
12444    0.000000 
13111    0.000000 
13112    0.000000 
13113    -0.593919 
13114    -1.291500 
13121    -23.576009245843913
13122    -26.357905962287486
13123    -84.30692253341175
13124    -47.11590617284476
13131    -16.3727863556092
13132    -28.819470575742567
13133    -89.15267536864124
13134    -46.46184554321133
13141    -2.826305702445775
13142    -0.171314 
13143    -3.892887 
13144    -2.306206 
13211    0.000000 
13212    0.000000 
13213    0.000000 
13214    0.000000 
13221    -27.167987702888006
13222    -18.555964055263242
13223    -73.53635128215063
13224    -46.38187786092715
13231    -14.943581862916028
13232    -31.751522734834435
13233    -82.9577262203031
13234    -47.68716881630949
13241    0.000000 
13242    0.000000 
13243    0.000000 
13244    0.000000 
13311    0.000000 
13312    0.000000 
13313    0.000000 
13314    0.000000 
13321    -21.833645693492343
13322    -28.70117136503386
13323    -81.24642053847683
13324    -48.31644630148686
13331    -20.306596816013915
13332    -35.47767876782027
13333    -83.6334484080156
13334    -55.306599014678426
13341    -0.925151 
13342    -1.9704616586897872
13343    -7.570305677054709
13344    -0.436863 
13411    0.000000 
13412    0.000000 
13413    0.000000 
13414    0.000000 
13421    -24.5288993146178
13422    -24.465256586194133
13423    -59.994560737936816
13424    -53.923321482258466
13431    -16.232314361282924
13432    -23.50267883785966
13433    -69.88336761100229
13434    -52.36618728032255
13441    0.000000 
13442    0.000000 
13443    0.000000 
13444    0.000000 
14111    0.000000 
14112    0.000000 
14113    0.000000 
14114    0.000000 
14121    -26.674539861982808
14122    -22.68613645475129
14123    -95.02500293682412
14124    -52.83200010058929
14131    -24.146489829676415
14132    -22.61387990071853
14133    -87.26988554639348
14134    -58.73227455890361
14141    0.000000 
14142    0.000000 
14143    0.000000 
14144    0.000000 
14211    0.000000 
14212    0.000000 
14213    -1.478937 
14214    -0.723028 
14221    -20.092374065796044
14222    -24.365271573704085
14223    -74.8658722500407
14224    -45.750422312455335
14231    -13.492927498776563
14232    -26.33761420416247
14233    -77.76868977006907
14234    -51.553330353168086
14241    0.000000 
14242    0.000000 
14243    0.000000 
14244    0.0
14311    0.000000 
14312    0.000000 
14313    0.000000 
14314    0.000000 
14321    -18.679629269771393
14322    -29.962063788813065
14323    -69.94335225592096
14324    -47.565028533991764
14331    -19.8334632808697
14332    -32.04140225566928
14333    -81.96817548309208
14334    -56.20588670344911
14341    -1.519830 
14342    -0.853784 
14343    -1.118552 
14344    -1.835384 
14411    0.000000 
14412    0.000000 
14413    0.000000 
14414    0.000000 
14421    -21.852575448227014
14422    -39.822286515716236
14423    -84.90466438017341
14424    -63.0647626797948
14431    -24.6512848762452
14432    -32.42450666469845
14433    -80.87804368180988
14434    -72.40287684422368
14441    0.000000 
14442    0.000000 
14443    0.000000 
14444    0.000000 
15111    0.000000 
15112    0.000000 
15113    0.000000 
15114    0.000000 
15121    0.000000 
15122    0.000000 
15123    0.000000 
15124    0.000000 
15131    0.000000 
15132    0.000000 
15133    0.000000 
15134    0.000000 
15141    0.000000 
15142    0.000000 
15143    0.000000 
15144    0.000000 
15211    0.000000 
15212    0.000000 
15213    0.000000 
15214    -2.062602 
15221    -17.09949206473973
15222    -25.179001929480442
15223    -70.64432333090477
15224    -47.73452578442694
15231    -14.518539753098958
15232    -22.826808972084663
15233    -71.91654362594888
15234    -50.66460195727615
15241    0.000000 
15242    0.000000 
15243    -0.470253 
15244    0.000000 
15311    0.000000 
15312    0.000000 
15313    0.000000 
15314    0.000000 
15321    -17.489449068019226
15322    -35.24913385243208
15323    -69.03567388788179
15324    -48.272979175614836
15331    -20.580196075486082
15332    -28.641419716535477
15333    -76.3780101589336
15334    -54.91257383261691
15341    0.000000 
15342    0.000000 
15343    0.000000 
15344    -0.224898 
15411    0.000000 
15412    0.000000 
15413    0.000000 
15414    0.000000 
15421    -22.33963672834866
15422    -47.50927880109927
15423    -86.73989242669732
15424    -65.77352215205534
15431    -36.07479361795806
15432    -32.520290290915455
15433    -92.37186341689795
15434    -72.08799602028306
15441    0.000000 
15442    0.000000 
15443    0.000000 
15444    0.000000 
16111    0.000000 
16112    0.000000 
16113    0.000000 
16114    0.000000 
16121    0.000000 
16122    0.000000 
16123    0.000000 
16124    0.000000 
16131    0.000000 
16132    0.000000 
16133    0.000000 
16134    0.000000 
16141    0.000000 
16142    0.000000 
16143    0.000000 
16144    0.000000 
16211    0.000000 
16212    0.000000 
16213    0.000000 
16214    0.000000 
16221    -17.683133509195862
16222    -30.600628676578083
16223    -77.73050738826723
16224    -62.65891649905278
16231    -20.091528745089047
16232    -29.52871664107134
16233    -81.5532946101756
16234    -61.98727523062147
16241    0.000000 
16242    0.000000 
16243    0.000000 
16244    0.000000 
16311    0.000000 
16312    0.000000 
16313    0.000000 
16314    0.000000 
16321    -18.861411778632963
16322    -34.93129646841493
16323    -69.30784975997861
16324    -50.801184879902024
16331    -26.702951728865454
16332    -23.895627899271858
16333    -73.2375202456704
16334    -53.81927347272326
16341    0.000000 
16342    0.000000 
16343    0.000000 
16344    0.000000 
16411    0.000000 
16412    0.000000 
16413    0.000000 
16414    0.000000 
16421    -24.647231293738145
16422    -53.9541151557383
16423    -84.28541429487727
16424    -72.42252979829004
16431    -43.87342543679623
16432    -34.051912473993205
16433    -91.14187922656272
16434    -76.25323562036974
16441    0.000000 
16442    0.000000 
16443    0.000000 
16444    0.000000 
21111    -30.791468686980217
21112    -21.785054408812613
21113    -85.691300708873
21114    -60.67102732787334
21121    0.000000 
21122    0.000000 
21123    0.000000 
21124    0.000000 
21131    0.000000 
21132    0.000000 
21133    0.000000 
21134    0.000000 
21141    -19.36736594145073
21142    -30.821008611148503
21143    -81.27583421435995
21144    -61.019727903155285
21211    -37.73524940219627
21212    -23.21988482919036
21213    -85.87119106131102
21214    -55.49765391290384
21221    0.000000 
21222    0.000000 
21223    0.000000 
21224    0.000000 
21231    0.000000 
21232    0.000000 
21233    0.000000 
21234    0.000000 
21241    -20.25876062975063
21242    -41.61603836054021
21243    -83.42577926553689
21244    -55.24676052928926
21311    -41.64896351611201
21312    -23.96569706776282
21313    -88.80411975986445
21314    -64.62556120230306
21321    0.000000 
21322    0.000000 
21323    0.000000 
21324    0.000000 
21331    0.000000 
21332    0.000000 
21333    -4.207153 
21334    0.000000 
21341    -21.766938589231597
21342    -54.8504795440943
21343    -86.17031522109403
21344    -66.76696677358791
21411    -2.1295606400000002
21412    -2.928334 
21413    -6.133273 
21414    -3.629388 
21421    0.000000 
21422    0.000000 
21423    0.000000 
21424    0.000000 
21431    0.000000 
21432    0.000000 
21433    0.000000 
21434    0.000000 
21441    -1.814687 
21442    -3.323613 
21443    -4.587019 
21444    -3.455935 
22111    -30.34999336584577
22112    -20.43209363893191
22113    -86.35095598000605
22114    -61.80442113187444
22121    -27.35654618433203
22122    -21.14017964506651
22123    -84.88352152509354
22124    -52.26133107145383
22131    -16.62814395487658
22132    -31.57190921559307
22133    -83.38849785863674
22134    -48.06215066543063
22141    -16.536432090435447
22142    -29.154733170034664
22143    -81.59334813932193
22144    -57.536690267781815
22211    -32.9884522878437
22212    -23.08072360259086
22213    -88.30703049564713
22214    -61.518622223991585
22221    -29.44473708498334
22222    -22.341417866936865
22223    -80.87844849427232
22224    -54.64337758614571
22231    -17.45549682652762
22232    -40.83757690437223
22233    -84.63626522962927
22234    -54.41392498631736
22241    -19.007546253593613
22242    -41.44697924535431
22243    -80.82627114387063
22244    -51.51216153929587
22311    -31.563184584696675
22312    -29.44099360021873
22313    -87.11746626405547
22314    -65.26559330141913
22321    -33.924806887762315
22322    -27.793256084239292
22323    -85.93767019558693
22324    -64.19290641149819
22331    -23.477541148642867
22332    -48.22340994813715
22333    -86.40420273859867
22334    -63.379706055002075
22341    -23.069583227319214
22342    -51.54049826221305
22343    -85.42846786634087
22344    -69.47622998469996
22411    -1.578031 
22412    -1.985453 
22413    -4.245959 
22414    -6.574913 
22421    -1.334851 
22422    -1.038292 
22423    -5.282235 
22424    -6.408803 
22431    -1.776427 
22432    -1.474200 
22433    -5.669352 
22434    -12.996054371448356
22441    0.000000 
22442    -1.810517 
22443    -0.626504 
22444    -1.520767 
23111    0.000000 
23112    0.000000 
23113    0.000000 
23114    0.000000 
23121    -22.745818462044596
23122    -20.87994021083743
23123    -79.41648326211683
23124    -45.76724955113931
23131    -14.337329000601503
23132    -24.08343233774429
23133    -77.24332535584648
23134    -47.86028918426236
23141    0.000000 
23142    0.000000 
23143    0.000000 
23144    0.000000 
23211    0.000000 
23212    0.000000 
23213    0.000000 
23214    0.000000 
23221    -27.877958373818476
23222    -25.958066420137005
23223    -74.55391445233884
23224    -51.526161413425534
23231    -17.473043218237276
23232    -36.22503486235898
23233    -77.27321990430507
23234    -50.7249682701912
23241    0.000000 
23242    0.000000 
23243    0.000000 
23244    0.000000 
23311    0.000000 
23312    0.000000 
23313    0.000000 
23314    -5.594788852161346
23321    -28.62913413326989
23322    -33.483016686782015
23323    -78.48613672560036
23324    -55.550765953787725
23331    -24.593777236616294
23332    -39.39876305226415
23333    -81.14854193942573
23334    -57.52409214004999
23341    0.000000 
23342    0.000000 
23343    0.000000 
23344    -2.614026 
23411    0.000000 
23412    0.000000 
23413    0.000000 
23414    0.000000 
23421    -7.500071799763682
23422    -6.954927 
23423    -8.404765 
23424    -19.668636283815705
23431    -2.312579489337498
23432    -7.3867071499999994
23433    -20.315770895613202
23434    -18.531437578274
23441    0.000000 
23442    0.000000 
23443    0.000000 
23444    0.000000 
24111    0.000000 
24112    0.000000 
24113    0.000000 
24114    0.000000 
24121    -17.46863601159213
24122    -21.79046680593497
24123    -71.60570923614573
24124    -44.80168008711213
24131    -14.258649847967948
24132    -22.7537273901166
24133    -81.56045261021987
24134    -52.116017735442654
24141    0.000000 
24142    0.000000 
24143    0.000000 
24144    0.000000 
24211    0.000000 
24212    0.000000 
24213    0.000000 
24214    0.000000 
24221    -20.879139566156127
24222    -24.745531246154943
24223    -71.30766641388081
24224    -43.395077661504665
24231    -16.46228669589722
24232    -25.645286772550552
24233    -77.14719099559677
24234    -48.08107473429582
24241    0.000000 
24242    0.000000 
24243    -1.899284 
24244    0.000000 
24311    0.000000 
24312    0.000000 
24313    -3.019872 
24314    0.000000 
24321    -22.063640313808932
24322    -34.61646016000174
24323    -69.60756785052166
24324    -47.404385047183055
24331    -25.854797966277708
24332    -33.26454115053772
24333    -78.6914944123446
24334    -53.70337248181085
24341    0.000000 
24342    -3.6350032800691117
24343    0.000000 
24344    0.000000 
24411    0.000000 
24412    0.000000 
24413    0.000000 
24414    0.000000 
24421    -13.34437118033799
24422    -17.20074905800799
24423    -44.90105054390167
24424    -32.88985401913958
24431    -6.231791 
24432    -15.6390949314125
24433    -48.201151428732196
24434    -44.54839832434393
24441    0.000000 
24442    0.000000 
24443    0.000000 
24444    0.000000 
25111    0.000000 
25112    0.000000 
25113    0.000000 
25114    0.000000 
25121    -23.246110800587214
25122    -26.512349427117538
25123    -89.83727442826597
25124    -64.25143378504968
25131    -21.9235870074024
25132    -23.21913518458527
25133    -90.74926566268732
25134    -63.96603196820962
25141    0.000000 
25142    0.000000 
25143    0.000000 
25144    0.000000 
25211    0.000000 
25212    0.000000 
25213    0.000000 
25214    -2.172027 
25221    -19.369474603583058
25222    -28.54884196035172
25223    -67.98849845366269
25224    -45.67681080516674
25231    -17.693426137535294
25232    -24.678381295691526
25233    -74.56546040330845
25234    -50.04996063732601
25241    -0.262344 
25242    0.000000 
25243    0.000000 
25244    -0.701516 
25311    0.000000 
25312    -0.400000 
25313    0.000000 
25314    0.000000 
25321    -19.632449043385186
25322    -40.30388938546699
25323    -68.47567542473801
25324    -49.79802591632317
25331    -26.03094048386924
25332    -29.75349271150562
25333    -78.10858801374552
25334    -54.77027530895736
25341    0.000000 
25342    -0.311986 
25343    0.000000 
25344    -0.372733 
25411    0.000000 
25412    0.000000 
25413    0.000000 
25414    0.000000 
25421    -24.289135006560702
25422    -32.571244311684154
25423    -60.86748175204596
25424    -56.452564055043375
25431    -26.227970098815064
25432    -35.415803616257136
25433    -77.3503201999049
25434    -57.29566930431662
25441    0.000000 
25442    0.000000 
25443    0.000000 
25444    0.000000 
26111    0.000000 
26112    0.000000 
26113    0.000000 
26114    0.000000 
26121    0.000000 
26122    0.000000 
26123    0.000000 
26124    0.000000 
26131    0.000000 
26132    0.000000 
26133    0.000000 
26134    0.000000 
26141    0.000000 
26142    0.000000 
26143    0.000000 
26144    0.000000 
26211    0.000000 
26212    0.000000 
26213    0.000000 
26214    0.000000 
26221    -15.996879954017746
26222    -31.254413802442116
26223    -70.20145738266295
26224    -48.33948113222821
26231    -19.173564607575223
26232    -25.287433180035116
26233    -73.20445579200096
26234    -53.761091854582254
26241    0.000000 
26242    0.000000 
26243    0.000000 
26244    0.000000 
26311    0.000000 
26312    0.000000 
26313    0.000000 
26314    0.000000 
26321    -19.72690719652568
26322    -47.963896576791335
26323    -69.74590730589145
26324    -52.0674808584142
26331    -30.094327100067456
26332    -25.15309203817978
26333    -77.46176917176271
26334    -54.34628769454821
26341    0.000000 
26342    0.000000 
26343    0.000000 
26344    0.000000 
26411    0.000000 
26412    0.000000 
26413    0.000000 
26414    0.000000 
26421    -16.30780295679923
26422    -38.78487199901521
26423    -61.286243481368345
26424    -53.499637742057665
26431    -32.563506446210745
26432    -34.70786125306258
26433    -71.82886990230368
26434    -61.88795139973535
26441    0.000000 
26442    0.000000 
26443    0.000000 
26444    0.000000 
31111    -30.44703425497331
31112    -17.809543814844588
31113    -81.50863635644382
31114    -66.97946769751985
31121    0.000000 
31122    0.000000 
31123    0.000000 
31124    -0.498259 
31131    0.000000 
31132    0.000000 
31133    0.000000 
31134    0.000000 
31141    -19.264954272892403
31142    -27.696748484016492
31143    -89.26510943376296
31144    -58.35103809779117
31211    -31.407342127140055
31212    -23.274813541027413
31213    -76.61819093802845
31214    -57.31921439134525
31221    0.000000 
31222    0.000000 
31223    0.000000 
31224    0.000000 
31231    0.000000 
31232    0.000000 
31233    0.000000 
31234    0.000000 
31241    -19.85664002131604
31242    -35.10732711832669
31243    -82.25120554952758
31244    -57.36836017186101
31311    -46.86238564529884
31312    -27.828519229403852
31313    -82.12588092652636
31314    -65.69265160273639
31321    0.000000 
31322    0.000000 
31323    0.000000 
31324    0.000000 
31331    0.000000 
31332    0.000000 
31333    0.000000 
31334    0.000000 
31341    -24.23105277495682
31342    -50.34209726724483
31343    -84.32480336921444
31344    -62.820798316429745
31411    -10.82970746
31412    -8.889073571600001
31413    -13.820109103998377
31414    -16.212954 
31421    0.000000 
31422    0.000000 
31423    0.000000 
31424    0.000000 
31431    0.000000 
31432    0.000000 
31433    0.000000 
31434    0.000000 
31441    -2.874780 
31442    -2.92627997
31443    -16.020518591204095
31444    -13.662243757906518
32111    -25.070441574178464
32112    -22.102092807290322
32113    -73.86404761638356
32114    -56.11896885519358
32121    0.000000 
32122    0.000000 
32123    0.000000 
32124    -4.408863009513512
32131    -0.7036874000000001
32132    0.000000 
32133    0.000000 
32134    0.000000 
32141    -17.559103075954514
32142    -22.269566562712043
32143    -74.94988411647758
32144    -49.503910124174894
32211    -29.4725938072687
32212    -23.9836720597313
32213    -72.34763301047307
32214    -53.40193552368019
32221    -0.350000 
32222    0.000000 
32223    0.000000 
32224    0.000000 
32231    0.000000 
32232    -1.687356 
32233    0.000000 
32234    -0.767102 
32241    -18.652465100051163
32242    -34.95721861237905
32243    -72.57095164377995
32244    -50.15187142310452
32311    -35.75479498223182
32312    -33.19227217058646
32313    -79.54243782220418
32314    -60.129649824202744
32321    0.000000 
32322    0.000000 
32323    0.000000 
32324    0.000000 
32331    -0.327681 
32332    0.000000 
32333    0.000000 
32334    0.000000 
32341    -24.1206528660214
32342    -43.82100821805921
32343    -78.98776857403898
32344    -56.09061981629879
32411    -8.669972658287262
32412    -8.406154804366249
32413    -17.55532546839111
32414    -20.433011613452216
32421    0.000000 
32422    0.000000 
32423    0.000000 
32424    0.000000 
32431    0.000000 
32432    0.000000 
32433    0.000000 
32434    0.000000 
32441    -3.5376653599999996
32442    -7.281952461528492
32443    -15.410256 
32444    -18.755138 
33111    -20.440650005478144
33112    -24.11609672968283
33113    -77.895041944315
33114    -59.33078655887721
33121    -22.117283620529612
33122    -24.66282734213357
33123    -81.95037826278852
33124    -56.872686286270685
33131    -16.38889860444557
33132    -21.37099706095505
33133    -76.45313093800631
33134    -50.92726496916154
33141    -16.365332900616245
33142    -22.708460117553805
33143    -83.45834492042489
33144    -57.39533186273959
33211    -25.931232008692778
33212    -31.572785040103334
33213    -82.65470189018743
33214    -57.3442822331979
33221    -25.80375492565873
33222    -29.96389573279439
33223    -78.13811398917194
33224    -55.72466093872273
33231    -20.236494393952608
33232    -38.15133040244824
33233    -79.58377082797699
33234    -55.45401525678497
33241    -22.269747305313402
33242    -35.336353423983326
33243    -80.81517803661362
33244    -55.17093846736862
33311    -29.05920752389263
33312    -38.32129116153808
33313    -84.28283617422738
33314    -62.493863774568496
33321    -26.749767495862677
33322    -39.13641683758168
33323    -87.07110543387915
33324    -64.7559105499097
33331    -26.69082312420711
33332    -42.153369836341696
33333    -90.29221493723372
33334    -59.26697599108473
33341    -26.144643998462353
33342    -44.6161539701078
33343    -84.80835315351545
33344    -64.4544235875635
33411    -2.4570100098005465
33412    -5.6081632400000005
33413    -9.481761888094914
33414    -9.090232 
33421    -1.9006499392458538
33422    -5.066820632382351
33423    -1.841324 
33424    -5.013219 
33431    -1.177579113914631
33432    -1.015399 
33433    -1.972272 
33434    -7.217720 
33441    -2.086953 
33442    -4.328519 
33443    -9.277195 
33444    -13.051337 
34111    0.000000 
34112    0.000000 
34113    0.000000 
34114    0.000000 
34121    -17.755873489370494
34122    -22.790026308933545
34123    -70.66192024740215
34124    -45.290511451334275
34131    -17.63946897082172
34132    -21.948646584050774
34133    -75.30501162064482
34134    -50.135228858338884
34141    0.000000 
34142    0.000000 
34143    0.000000 
34144    0.000000 
34211    0.000000 
34212    0.000000 
34213    0.000000 
34214    -0.579452 
34221    -21.846403978181343
34222    -29.494577826728005
34223    -72.07685601000081
34224    -47.07299892792085
34231    -24.1078788378521
34232    -28.865263000574096
34233    -75.80766053566153
34234    -53.38482459952318
34241    0.000000 
34242    0.000000 
34243    0.000000 
34244    0.000000 
34311    0.000000 
34312    0.000000 
34313    -0.300540 
34314    -9.342529517537976
34321    -23.823349702209583
34322    -40.14988472684369
34323    -81.32994986772125
34324    -55.044103840296344
34331    -29.690448012323525
34332    -34.496693639031115
34333    -85.52707169718761
34334    -59.58841563143725
34341    0.000000 
34342    0.000000 
34343    0.000000 
34344    0.000000 
34411    0.000000 
34412    0.000000 
34413    0.000000 
34414    0.000000 
34421    -6.773668795858975
34422    -8.936005 
34423    -21.29906112686726
34424    -27.51835599519846
34431    -7.54784765930553
34432    -5.2913368466
34433    -26.532453174759244
34434    -16.7144362407
34441    0.000000 
34442    0.000000 
34443    0.000000 
34444    0.000000 
35111    0.000000 
35112    0.000000 
35113    0.000000 
35114    0.000000 
35121    -14.971538326049794
35122    -23.69294209248811
35123    -73.64035395793375
35124    -51.21906436650882
35131    -23.34954975268052
35132    -19.980088820733545
35133    -76.25757042359997
35134    -53.231703087178786
35141    0.000000 
35142    0.000000 
35143    0.000000 
35144    0.000000 
35211    0.000000 
35212    0.000000 
35213    0.000000 
35214    0.000000 
35221    -18.021585587213437
35222    -30.571285840929125
35223    -66.69910200396654
35224    -45.83018762561791
35231    -25.618734852522472
35232    -24.446817522505473
35233    -75.1139505075913
35234    -54.00758623229373
35241    0.000000 
35242    0.000000 
35243    0.000000 
35244    0.000000 
35311    -0.193290 
35312    -1.179538 
35313    0.000000 
35314    0.000000 
35321    -22.431391969609663
35322    -47.696775357106006
35323    -74.58120877405865
35324    -51.903583779185986
35331    -34.1226209857315
35332    -28.8200987314505
35333    -78.92671220900922
35334    -60.56553071404995
35341    0.000000 
35342    0.000000 
35343    0.000000 
35344    0.000000 
35411    0.000000 
35412    0.000000 
35413    0.000000 
35414    0.000000 
35421    -9.961577110667843
35422    -14.5841256
35423    -28.893662926873233
35424    -33.88085896464057
35431    -17.612158505173447
35432    -18.651040 
35433    -22.282091 
35434    -31.764082164264494
35441    0.000000 
35442    0.000000 
35443    0.000000 
35444    0.000000 
36111    0.000000 
36112    0.000000 
36113    0.000000 
36114    0.000000 
36121    -22.343782468842626
36122    -24.371256061426614
36123    -69.58048739526907
36124    -61.370224430911975
36131    -20.224221053896816
36132    -22.878449787548956
36133    -63.87171138873521
36134    -64.15112269047951
36141    0.000000 
36142    0.000000 
36143    0.000000 
36144    0.000000 
36211    0.000000 
36212    0.000000 
36213    0.000000 
36214    0.000000 
36221    -17.625406890317667
36222    -33.13990072327032
36223    -67.67812915845808
36224    -51.65976844213972
36231    -25.208187270380762
36232    -23.02485246355961
36233    -77.0861501654588
36234    -54.5542302119158
36241    0.000000 
36242    0.000000 
36243    0.000000 
36244    0.000000 
36311    0.000000 
36312    0.000000 
36313    0.000000 
36314    0.000000 
36321    -20.90349154346143
36322    -54.12037398910125
36323    -74.63935906903326
36324    -54.9021440953539
36331    -36.48252405860618
36332    -25.98511027320231
36333    -82.84373960229594
36334    -63.59852450167209
36341    0.000000 
36342    0.000000 
36343    0.000000 
36344    0.000000 
36411    0.000000 
36412    0.000000 
36413    0.000000 
36414    0.000000 
36421    -12.670330874676136
36422    -13.002815 
36423    -33.08141610993883
36424    -28.532342 
36431    -20.52972837812125
36432    -15.758708011351185
36433    -42.579547740456306
36434    -36.297296 
36441    0.000000 
36442    0.000000 
36443    0.000000 
36444    0.000000 
41111    -20.36049797599545
41112    -26.02427709058075
41113    -69.075958 
41114    -60.551519 
41121    -0.216742 
41122    0.000000 
41123    -1.455050 
41124    -3.583882 
41131    0.000000 
41132    0.000000 
41133    0.000000 
41134    0.000000 
41141    -19.594935009893558
41142    -28.155309430138022
41143    -72.91509234928847
41144    -69.4002615311
41211    -26.3417325957304
41212    -23.309076128488286
41213    -75.19710172795718
41214    -57.50067182778332
41221    0.000000 
41222    -3.0694436644842167
41223    0.000000 
41224    0.000000 
41231    0.000000 
41232    0.000000 
41233    -8.677928 
41234    0.000000 
41241    -17.568973022683156
41242    -29.539854616816356
41243    -72.68714711728288
41244    -51.77762524625497
41311    -39.747451430830495
41312    -28.38392876169261
41313    -85.04187213702389
41314    -62.799342896928785
41321    0.000000 
41322    0.000000 
41323    0.000000 
41324    0.000000 
41331    0.000000 
41332    0.000000 
41333    0.000000 
41334    0.000000 
41341    -21.486596372708718
41342    -45.885007489746556
41343    -81.58571919978176
41344    -55.81002099967306
41411    -20.58650900464748
41412    -23.521281458991606
41413    -47.46896065717458
41414    -26.05834586025781
41421    0.000000 
41422    0.000000 
41423    0.000000 
41424    0.000000 
41431    0.000000 
41432    0.000000 
41433    0.000000 
41434    0.000000 
41441    -12.249259349160535
41442    -16.719814 
41443    -51.71802659853384
41444    -25.873101 
42111    -22.65433379083496
42112    -21.301735152920333
42113    -78.03030265528626
42114    -54.54720679767298
42121    -0.320250 
42122    -0.402722 
42123    0.000000 
42124    -1.037386 
42131    0.000000 
42132    0.000000 
42133    0.000000 
42134    0.000000 
42141    -17.49656732330557
42142    -21.17783928690617
42143    -78.21247208539603
42144    -51.2161055022516
42211    -22.912068605137396
42212    -27.284706168095642
42213    -74.62267873407943
42214    -56.08849598950357
42221    -0.650000 
42222    -0.212079 
42223    -3.294765 
42224    -10.016700993545914
42231    0.053447 
42232    -1.877156 
42233    -2.619869 
42234    0.000000 
42241    -20.161719485776533
42242    -29.601719403440022
42243    -70.6470735109022
42244    -48.48422300353125
42311    -34.43620220386498
42312    -33.023047088034524
42313    -79.17025134267784
42314    -54.605732395945275
42321    0.000000 
42322    0.000000 
42323    0.000000 
42324    0.000000 
42331    0.000000 
42332    0.000000 
42333    0.000000 
42334    0.000000 
42341    -26.129512097143934
42342    -41.082896899907425
42343    -71.82194032948394
42344    -54.94636713086744
42411    -13.861034091294904
42412    -20.233075 
42413    -30.751617 
42414    -40.384202 
42421    0.000000 
42422    0.000000 
42423    0.000000 
42424    0.000000 
42431    0.000000 
42432    0.000000 
42433    0.000000 
42434    0.000000 
42441    -8.893049499034246
42442    -18.73934207
42443    -31.58354419120409
42444    -34.3813669858136
43111    -18.16196437151737
43112    -23.025280179172373
43113    -74.13895701505547
43114    -52.10629544620417
43121    0.000000 
43122    0.000000 
43123    0.000000 
43124    0.000000 
43131    0.000000 
43132    0.000000 
43133    0.000000 
43134    0.000000 
43141    -19.602214713614405
43142    -22.18608430348173
43143    -76.20194108973887
43144    -48.30526151027026
43211    -21.207735462798805
43212    -32.64143611111478
43213    -80.17326924234297
43214    -50.51151685252768
43221    -0.821184 
43222    -1.263541 
43223    -4.572201 
43224    -13.148516617820494
43231    -2.9517728112776407
43232    0.000000 
43233    -2.537486 
43234    -0.031719 
43241    -24.73878998486601
43242    -27.83576115541916
43243    -74.76732314284935
43244    -51.142815852313966
43311    -30.004688352947603
43312    -38.667828573646766
43313    -83.79776580787001
43314    -61.40075710402268
43321    0.000000 
43322    0.000000 
43323    0.000000 
43324    0.000000 
43331    0.000000 
43332    -0.400000 
43333    0.000000 
43334    -0.987866 
43341    -26.34900870070018
43342    -37.481859954901616
43343    -86.03073862806727
43344    -60.529981779184325
43411    -8.2466545932
43412    -7.83073403
43413    -23.26612356313093
43414    -25.818817336197895
43421    0.000000 
43422    0.000000 
43423    0.000000 
43424    0.000000 
43431    0.000000 
43432    0.000000 
43433    0.000000 
43434    0.000000 
43441    -5.4725671259999995
43442    -6.62430221
43443    -15.926452 
43444    -16.995434221352326
44111    -15.621150161098488
44112    -25.6119275546395
44113    -80.54631228893511
44114    -55.651599900462095
44121    -16.51016441673037
44122    -30.197531294854485
44123    -79.36821997162838
44124    -54.68796807240899
44131    -23.12385309284277
44132    -20.469107057330394
44133    -81.87069519569216
44134    -57.43005620746038
44141    -24.18974910162069
44142    -18.01781846580577
44143    -77.97822548380302
44144    -53.4736360888079
44211    -19.540079697700186
44212    -38.4160486052381
44213    -87.58791862336186
44214    -57.012337657469644
44221    -21.142533903544198
44222    -36.14009672755424
44223    -79.49653393889666
44224    -56.10817190659691
44231    -28.63032437169845
44232    -30.366832474641996
44233    -82.99059871792161
44234    -55.95835366637148
44241    -30.633908979011814
44242    -26.17898107117679
44243    -79.11919954922514
44244    -56.52532555314575
44311    -25.342473016607528
44312    -41.23172195861731
44313    -82.08857712158289
44314    -61.869804357296076
44321    -24.886803347751258
44322    -47.04194859712767
44323    -80.78117418949675
44324    -57.72573558824552
44331    -29.61168823908386
44332    -36.896333012854505
44333    -92.35519394503821
44334    -66.34033020847396
44341    -28.76910996645395
44342    -37.546364158359495
44343    -89.4030441486988
44344    -65.60807790530384
44411    -1.772641 
44412    -3.594024 
44413    -2.175224 
44414    -3.472475 
44421    -2.188489 
44422    -0.821704 
44423    -4.196416 
44424    -13.20991636916786
44431    -5.112852588339959
44432    -2.839134 
44433    -5.242531 
44434    -5.104985 
44441    -0.43711767
44442    -4.191809588308982
44443    -3.098383 
44444    -2.629592 
45111    0.000000 
45112    0.000000 
45113    0.000000 
45114    0.000000 
45121    -16.427935840272703
45122    -29.70961113622333
45123    -78.08501086416427
45124    -48.57738738807052
45131    -23.985645869763204
45132    -19.59297645612237
45133    -75.50783609921761
45134    -55.499379550813174
45141    0.000000 
45142    0.000000 
45143    0.000000 
45144    0.000000 
45211    0.000000 
45212    0.000000 
45213    0.000000 
45214    0.000000 
45221    -18.07370043155322
45222    -36.7676791449782
45223    -69.04692690641285
45224    -52.00051973509586
45231    -32.71179271926413
45232    -22.89608996883932
45233    -76.7417660884381
45234    -58.49602227008371
45241    0.000000 
45242    0.000000 
45243    0.000000 
45244    0.000000 
45311    0.064186 
45312    0.000000 
45313    0.000000 
45314    0.000000 
45321    -21.06046050717772
45322    -53.78568654152874
45323    -76.44994896435384
45324    -60.37825410587512
45331    -33.73150399228366
45332    -31.866305159108194
45333    -82.38587337033161
45334    -63.94262252397368
45341    0.000000 
45342    0.000000 
45343    0.000000 
45344    0.000000 
45411    0.000000 
45412    0.000000 
45413    0.000000 
45414    0.000000 
45421    -4.77044784
45422    -1.492247 
45423    -6.338216 
45424    -19.865983645163375
45431    -7.560757554030912
45432    -6.756411523252355
45433    -20.57168354865626
45434    -15.511215 
45441    0.000000 
45442    0.000000 
45443    0.000000 
45444    0.000000 
46111    0.000000 
46112    0.000000 
46113    0.000000 
46114    0.000000 
46121    -16.379232083973463
46122    -34.91292131346551
46123    -89.66430399082932
46124    -55.44529356354583
46131    -35.49858534104412
46132    -20.418564025445257
46133    -89.34637764003624
46134    -61.628638706925784
46141    0.000000 
46142    0.000000 
46143    0.000000 
46144    0.000000 
46211    0.000000 
46212    0.000000 
46213    -2.618244 
46214    0.000000 
46221    -19.21209724190642
46222    -39.7200160787714
46223    -75.6697752329208
46224    -55.979949861896884
46231    -35.79945375940953
46232    -21.541187884922294
46233    -79.29770244453736
46234    -63.29184228580076
46241    0.000000 
46242    0.000000 
46243    0.000000 
46244    0.000000 
46311    0.000000 
46312    0.000000 
46313    0.000000 
46314    0.000000 
46321    -21.66665585274588
46322    -66.31980855446717
46323    -86.37789058319379
46324    -67.59780182174227
46331    -39.40137621937661
46332    -27.667591501802768
46333    -86.69862621962486
46334    -66.39948814863536
46341    0.000000 
46342    0.000000 
46343    0.000000 
46344    0.000000 
46411    0.000000 
46412    0.000000 
46413    0.000000 
46414    0.000000 
46421    -1.310063 
46422    -8.525654 
46423    -12.901732 
46424    -8.419349 
46431    -12.983911729999999
46432    -10.89526195509145
46433    -24.172333058668638
46434    -13.149133 
46441    0.000000 
46442    0.000000 
46443    0.000000 
46444    0.000000 
51111    0.000000 
51112    0.000000 
51113    0.000000 
51114    0.000000 
51121    -0.379987 
51122    -0.178819 
51123    0.000000 
51124    -1.586976 
51131    0.000000 
51132    0.000000 
51133    0.000000 
51134    0.000000 
51141    0.000000 
51142    0.000000 
51143    0.000000 
51144    0.000000 
51211    -21.035135959642037
51212    -23.618431020723726
51213    -75.48955154270317
51214    -52.82158219073086
51221    -1.444437 
51222    -3.837275907606267
51223    0.000000 
51224    -0.764230 
51231    0.000000 
51232    0.000000 
51233    -1.707074 
51234    0.000000 
51241    -18.705575235102256
51242    -26.562324138846897
51243    -74.89251468599429
51244    -49.95589313705104
51311    -32.00085454286924
51312    -25.956320347070868
51313    -74.80393253450828
51314    -53.445177675214346
51321    0.000000 
51322    0.000000 
51323    0.000000 
51324    0.000000 
51331    0.000000 
51332    0.000000 
51333    0.000000 
51334    0.000000 
51341    -24.405120360132937
51342    -36.31470453083007
51343    -68.29732695195358
51344    -51.64717488176073
51411    -39.352771530763206
51412    -35.69116913005259
51413    -69.54736275934836
51414    -60.48636054328773
51421    0.000000 
51422    0.000000 
51423    0.000000 
51424    0.000000 
51431    0.000000 
51432    0.000000 
51433    0.000000 
51434    0.000000 
51441    -18.94725024913527
51442    -42.34831626882511
51443    -67.2934545909703
51444    -56.21750110236531
52111    -20.689623022133407
52112    -22.594809820204365
52113    -88.98719088862018
52114    -68.99644462307094
52121    -0.962821 
52122    -0.214743 
52123    0.000000 
52124    -0.008310 
52131    0.111348 
52132    0.000000 
52133    -3.709380 
52134    -2.574060 
52141    -23.173206167702155
52142    -22.577742805661444
52143    -99.0041679612323
52144    -58.96222551677862
52211    -22.148320171817282
52212    -23.271298484544136
52213    -74.99524587688143
52214    -49.300139735138984
52221    -7.400718374677719
52222    -3.150310795188773
52223    -2.599387 
52224    -10.664362898813948
52231    0.000000 
52232    -1.540332 
52233    -6.778626 
52234    -2.235330 
52241    -19.03127097056406
52242    -24.971988273163245
52243    -73.05453663500225
52244    -47.644578516881225
52311    -26.47974227586326
52312    -31.961735036306152
52313    -76.00019295939764
52314    -56.35675462649637
52321    0.000000 
52322    0.000000 
52323    0.000000 
52324    -4.0484801671338175
52331    0.000000 
52332    -0.492787 
52333    0.000000 
52334    -1.116698 
52341    -31.966708186338444
52342    -29.919818560663764
52343    -71.88054984655167
52344    -50.86901462964501
52411    -28.969309755489036
52412    -30.228978866682162
52413    -61.548450872941906
52414    -60.35547694397387
52421    0.000000 
52422    0.000000 
52423    0.000000 
52424    0.000000 
52431    0.000000 
52432    0.000000 
52433    0.000000 
52434    0.000000 
52441    -21.064775128658937
52442    -38.50237401698325
52443    -73.51499182676143
52444    -56.91673690657362
53111    -19.217936574624314
53112    -23.63408383684172
53113    -83.50416846987511
53114    -51.28369343991383
53121    0.000000 
53122    0.000000 
53123    0.000000 
53124    0.000000 
53131    0.000000 
53132    0.000000 
53133    0.000000 
53134    0.000000 
53141    -23.19745246665849
53142    -20.291600398519577
53143    -78.3050321706273
53144    -49.0251834990969
53211    -19.608805048128865
53212    -30.94998693962436
53213    -76.56092417951584
53214    -49.792067417762794
53221    -2.097639 
53222    -1.808508 
53223    -8.69706155291107
53224    -5.650298293467854
53231    -0.398625 
53232    -0.791644 
53233    -1.827726 
53234    -1.000590 
53241    -27.464548256982926
53242    -23.01517985084665
53243    -73.9692131668156
53244    -44.45151636343026
53311    -25.324259849018308
53312    -37.89392234007907
53313    -81.19017115612277
53314    -57.01350095968736
53321    -0.174138 
53322    0.000000 
53323    -1.328527 
53324    -2.713693 
53331    -1.155480 
53332    -1.503425 
53333    -1.472852 
53334    -1.121465 
53341    -28.47916353072611
53342    -33.43989116235508
53343    -81.01811599009034
53344    -57.7682114001793
53411    -10.593045650603544
53412    -19.513555532181723
53413    -39.922433320798824
53414    -38.99703084787406
53421    0.000000 
53422    0.000000 
53423    0.000000 
53424    0.000000 
53431    0.000000 
53432    0.000000 
53433    0.000000 
53434    0.000000 
53441    -15.25465426215052
53442    -18.307655677181803
53443    -41.114256455039666
53444    -46.36773046173665
54111    -16.445081795477805
54112    -24.971928212951557
54113    -79.47488714855575
54114    -49.88172909317185
54121    0.000000 
54122    -1.150000 
54123    0.000000 
54124    0.000000 
54131    0.000000 
54132    0.000000 
54133    0.000000 
54134    0.000000 
54141    -25.738594393545284
54142    -18.74222537503472
54143    -81.47348718428752
54144    -47.94928267171683
54211    -17.78967855396373
54212    -35.78358920563236
54213    -82.2030405005022
54214    -50.49145775449777
54221    -3.7074348781022786
54222    -1.086984 
54223    -8.357366 
54224    -10.572515371838454
54231    0.000000 
54232    0.000000 
54233    -2.114494 
54234    -1.920847 
54241    -30.165011124597797
54242    -20.145142892887883
54243    -78.35778997801016
54244    -51.29076545411998
54311    -23.08656081186875
54312    -42.26491219045292
54313    -84.49097663895154
54314    -56.74027791421521
54321    -3.887147014295117
54322    -0.496952 
54323    0.000000 
54324    -0.467774 
54331    -2.227486 
54332    -1.069797 
54333    -4.256132 
54334    -3.106767 
54341    -30.550977800684215
54342    -40.69440151250366
54343    -83.42321832179633
54344    -53.54987992992977
54411    -2.471632 
54412    -6.91514486
54413    -30.538386517291958
54414    -25.760458389761386
54421    0.000000 
54422    0.000000 
54423    0.000000 
54424    0.000000 
54431    0.000000 
54432    0.000000 
54433    0.000000 
54434    0.000000 
54441    -9.632051457429597
54442    -7.734563169236001
54443    -8.728228 
54444    -22.500181220096643
55111    -17.797920717126985
55112    -35.46223170612862
55113    -90.61824487874875
55114    -50.3933785487714
55121    -15.479214413844808
55122    -33.567571221431635
55123    -86.17502366988575
55124    -54.03478117655709
55131    -28.22967045065377
55132    -21.715834910617072
55133    -85.14086533600364
55134    -60.60063515360498
55141    -29.387859754498546
55142    -17.8562554964259
55143    -81.19999851190994
55144    -54.319228558330344
55211    -20.14265131044286
55212    -45.18838615294961
55213    -86.50547907692416
55214    -53.95374922411299
55221    -18.838741573632948
55222    -51.00602835704467
55223    -87.46905947603308
55224    -57.267546183540375
55231    -35.65652006389617
55232    -22.62686995885135
55233    -84.19801906041197
55234    -59.622605348948895
55241    -38.06659690542561
55242    -26.485072195833965
55243    -81.3893544130546
55244    -56.33678203252663
55311    -22.98655613447845
55312    -51.36426007698562
55313    -89.98973556439647
55314    -60.00577919089949
55321    -20.49920980591996
55322    -53.45542023041408
55323    -93.60626381942663
55324    -62.88627426397508
55331    -35.13944415406492
55332    -29.89329001164809
55333    -89.70977461289027
55334    -64.07540859289456
55341    -33.08533057618822
55342    -36.045487841332616
55343    -86.1245070120575
55344    -63.31877340061714
55411    -0.588162 
55412    -1.846000 
55413    -5.582001 
55414    -2.086506 
55421    -1.689523 
55422    -0.731500 
55423    -2.544775 
55424    -9.948314036727897
55431    -1.430589 
55432    -0.602659 
55433    -11.848138510298199
55434    -15.456537963622676
55441    -4.280649 
55442    -2.146500 
55443    -17.263259848915297
55444    -9.917203 
56111    0.000000 
56112    0.000000 
56113    0.000000 
56114    -0.633119 
56121    -19.39631219623251
56122    -42.670179311219236
56123    -85.07101636051294
56124    -53.65358200109423
56131    -31.857295844310006
56132    -20.70446073279501
56133    -84.58707063292255
56134    -62.2522096564987
56141    0.000000 
56142    0.000000 
56143    0.000000 
56144    0.000000 
56211    0.000000 
56212    0.000000 
56213    0.000000 
56214    0.000000 
56221    -19.454616653509603
56222    -50.71421144218997
56223    -86.45681581465121
56224    -54.429554488038285
56231    -46.77925273776833
56232    -22.96427097625252
56233    -85.0084759998292
56234    -62.34433181094804
56241    0.000000 
56242    0.000000 
56243    0.000000 
56244    0.000000 
56311    0.000000 
56312    0.000000 
56313    0.000000 
56314    0.000000 
56321    -20.523079407743047
56322    -57.69357774393615
56323    -91.57552480056398
56324    -60.026067229634876
56331    -38.49638060451068
56332    -30.11716727858341
56333    -91.07075622137526
56334    -66.22584136943209
56341    0.000000 
56342    0.000000 
56343    0.000000 
56344    0.000000 
56411    0.000000 
56412    0.000000 
56413    0.000000 
56414    0.000000 
56421    -1.228862 
56422    -2.490589 
56423    -1.581328 
56424    -1.384942 
56431    -1.775033 
56432    -3.619693 
56433    -7.250359 
56434    -3.241864 
56441    0.000000 
56442    0.000000 
56443    0.000000 
56444    0.000000 
61111    0.000000 
61112    0.000000 
61113    0.000000 
61114    0.000000 
61121    -0.647358 
61122    0.000000 
61123    0.000000 
61124    -4.706674159497024
61131    0.000000 
61132    0.000000 
61133    0.000000 
61134    0.000000 
61141    0.000000 
61142    0.000000 
61143    0.000000 
61144    0.000000 
61211    -19.844413783947488
61212    -25.35742476904384
61213    -87.31635142988917
61214    -61.02505413401181
61221    -2.193908 
61222    -0.073160 
61223    -3.516797 
61224    -1.544686 
61231    0.000000 
61232    0.000000 
61233    0.000000 
61234    0.000000 
61241    -19.59437418843391
61242    -30.09807239428238
61243    -82.14531361144432
61244    -59.17800658658132
61311    -25.646253474046432
61312    -21.984981960258217
61313    -73.99099298365388
61314    -51.489294001998076
61321    -0.147952 
61322    -0.460860 
61323    0.000000 
61324    -1.187013 
61331    0.000000 
61332    -1.240286 
61333    -0.400000 
61334    0.000000 
61341    -22.277967413590865
61342    -26.491416206138165
61343    -71.11035206698175
61344    -50.77878265501112
61411    -38.17229186843016
61412    -39.92233546507553
61413    -93.68895901179103
61414    -79.72530778252333
61421    0.000000 
61422    0.000000 
61423    0.000000 
61424    0.000000 
61431    0.000000 
61432    0.000000 
61433    0.000000 
61434    0.000000 
61441    -19.76601428724542
61442    -43.54024699006026
61443    -88.02590385864669
61444    -62.342312318584334
62111    0.000000 
62112    0.000000 
62113    0.000000 
62114    0.000000 
62121    0.000000 
62122    -0.459866 
62123    -3.286636 
62124    0.000000 
62131    0.000000 
62132    0.000000 
62133    -1.911579 
62134    0.000000 
62141    0.000000 
62142    0.000000 
62143    0.000000 
62144    0.000000 
62211    -17.682584786412566
62212    -22.41762015077886
62213    -77.742273370784
62214    -49.480550051626466
62221    -2.016306 
62222    -2.446753 
62223    -7.436720 
62224    -13.081646 
62231    0.000000 
62232    0.000000 
62233    0.000000 
62234    -3.109089 
62241    -24.635097368060123
62242    -21.6606848829621
62243    -77.27677147877068
62244    -50.436938812423556
62311    -20.777097519859197
62312    -28.263547430012572
62313    -75.71565786590944
62314    -49.623144074657816
62321    -0.714758 
62322    -1.166158 
62323    -4.548110 
62324    -6.386105203955987
62331    0.000000 
62332    -0.350000 
62333    -1.294964 
62334    -0.453440 
62341    -28.558421203126088
62342    -24.2754254554407
62343    -71.89719384849735
62344    -49.97212436697455
62411    -28.556507388320302
62412    -36.59193847592702
62413    -89.99283898046217
62414    -68.96634148912617
62421    0.000000 
62422    0.000000 
62423    0.000000 
62424    0.000000 
62431    0.000000 
62432    0.000000 
62433    0.000000 
62434    0.000000 
62441    -20.770062841929306
62442    -40.502363448012034
62443    -84.79087735113951
62444    -64.91900174840204
63111    -24.746065781461553
63112    -23.723822775870108
63113    -94.47835613353679
63114    -56.73844937661645
63121    0.000000 
63122    0.000000 
63123    0.000000 
63124    0.000000 
63131    0.000000 
63132    0.000000 
63133    0.000000 
63134    0.000000 
63141    -29.361393204284397
63142    -21.953350802228222
63143    -100.49360349846147
63144    -51.57321801109501
63211    -16.64692978932672
63212    -25.06531976866775
63213    -74.15144777380326
63214    -48.98736677237235
63221    -4.603204731772725
63222    -0.485126 
63223    -14.516883624395975
63224    -6.440207 
63231    -0.04067222
63232    -0.678565 
63233    0.000000 
63234    -1.833334 
63241    -25.2661655674603
63242    -19.466656597332406
63243    -74.66554642382827
63244    -47.45826510846915
63311    -21.714809622616944
63312    -32.67872006880135
63313    -79.55263836315734
63314    -52.2334304931875
63321    -0.884652 
63322    -0.497285 
63323    -2.902175 
63324    -2.600186 
63331    -1.421304 
63332    -0.969110 
63333    -2.060422 
63334    0.000000 
63341    -46.77294811467418
63342    -26.945356182196058
63343    -75.27521370873234
63344    -49.059546104264825
63411    -24.3996778094018
63412    -30.814201899551797
63413    -93.8393358686149
63414    -69.74665777667792
63421    0.000000 
63422    0.000000 
63423    0.000000 
63424    0.000000 
63431    0.000000 
63432    0.000000 
63433    0.000000 
63434    0.000000 
63441    -23.145037226138143
63442    -32.0544525934109
63443    -85.27001643306889
63444    -66.94030292692095
64111    -17.438178978242192
64112    -27.657141064264152
64113    -90.61482196057754
64114    -49.66899233484937
64121    -0.050000 
64122    0.000000 
64123    0.000000 
64124    -1.121317 
64131    -0.050000 
64132    -3.3539660841784507
64133    -6.007123 
64134    -0.050000 
64141    -26.38843142672824
64142    -25.583483056936803
64143    -92.2579528746881
64144    -50.663414834532446
64211    -17.12505822842814
64212    -30.799434829594862
64213    -82.70074262661889
64214    -48.41978551918275
64221    -0.861323 
64222    -0.712285 
64223    -6.728853 
64224    -2.930654 
64231    0.000000 
64232    -0.284096 
64233    -2.308618 
64234    -3.048958 
64241    -31.123116949512813
64242    -20.132974563334983
64243    -79.90402339708899
64244    -45.78489817049776
64311    -20.94408920876185
64312    -36.79406688343401
64313    -85.04637500855155
64314    -57.41175897014446
64321    -4.314502781722439
64322    -4.887749879099999
64323    -6.385575 
64324    -1.175310 
64331    0.000000 
64332    -1.011491 
64333    -3.845811 
64334    -0.939230 
64341    -40.825418733062925
64342    -14.293006425025547
64343    -88.85504268278267
64344    -53.69290864405132
64411    -21.144090730848927
64412    -24.283774884279552
64413    -63.695556854245666
64414    -59.1389390450016
64421    0.000000 
64422    0.000000 
64423    0.000000 
64424    0.000000 
64431    0.000000 
64432    0.000000 
64433    0.000000 
64434    0.000000 
64441    -24.214761409273052
64442    -23.70331855151869
64443    -71.95012618510357
64444    -53.923155372467875
65111    -15.906091466105648
65112    -31.8487085002231
65113    -83.48461273180529
65114    -47.03696581139607
65121    0.000000 
65122    -1.9587824536729022
65123    -5.332062 
65124    -4.854361 
65131    -0.71660561
65132    0.000000 
65133    -33.737986 
65134    -4.106595 
65141    -28.99732803146385
65142    -22.52257238652892
65143    -89.25607072945242
65144    -47.65885612136782
65211    -17.236183978975504
65212    -42.17497695211056
65213    -87.60060053346884
65214    -49.50612293283129
65221    -0.341473 
65222    -0.066305 
65223    -0.876823 
65224    0.000000 
65231    -1.231563 
65232    -0.117968 
65233    -1.988550 
65234    0.000000 
65241    -35.82587711173315
65242    -18.126290446370664
65243    -81.07692834441337
65244    -54.319202285592425
65311    -19.956200304969187
65312    -48.84024968272141
65313    -89.69866874954006
65314    -58.50115149466614
65321    -5.836019324659614
65322    -10.315328 
65323    -16.089343 
65324    -18.628145 
65331    -1.846708 
65332    0.0
65333    -1.563294 
65334    -4.785130 
65341    -39.272590361537716
65342    -21.77304850968799
65343    -86.19138445679407
65344    -56.092577365895664
65411    -12.537733213586664
65412    -15.034077436367484
65413    -51.16545295047402
65414    -49.29741215216928
65421    0.000000 
65422    0.000000 
65423    0.000000 
65424    0.000000 
65431    0.000000 
65432    0.000000 
65433    0.000000 
65434    0.000000 
65441    -13.897522931055182
65442    -17.963844688270544
65443    -62.47237653712601
65444    -45.29902052981727
66111    -20.504969157190505
66112    -42.32480079476084
66113    -105.38968637849538
66114    -56.20132069349507
66121    -25.1258269182941
66122    -53.634615931709526
66123    -97.23716368006768
66124    -68.68921775224852
66131    -48.00791566929782
66132    -26.931720189548837
66133    -114.56671308741622
66134    -90.29629883936653
66141    -36.30554880947636
66142    -22.25939332296985
66143    -96.00355559280818
66144    -61.40554985081121
66211    -20.84376908412491
66212    -48.56580516641268
66213    -98.13277852989565
66214    -58.107589106737365
66221    -20.85289232119853
66222    -51.24711481091147
66223    -98.96383937837513
66224    -56.025325491807955
66231    -43.76260251543538
66232    -25.178694721527112
66233    -98.34449240149642
66234    -65.94907860488847
66241    -33.87733684598236
66242    -23.524739327915988
66243    -104.8491040444632
66244    -57.279147355843726
66311    -20.227235198528696
66312    -45.53621074177167
66313    -93.4469919955153
66314    -55.85986162716572
66321    -16.970257204689617
66322    -49.647654998150934
66323    -87.83874344044594
66324    -57.30379531213797
66331    -34.17900861985764
66332    -30.189025039657572
66333    -71.94790344887927
66334    -63.23421527338997
66341    -25.35712330154546
66342    -33.026475920740374
66343    -95.52763779506277
66344    -52.38464694558777
66411    -2.9203912253907136
66412    -3.35387483
66413    -29.521857839662175
66414    -5.651082 
66421    0.174060 
66422    -0.796000 
66423    0.000000 
66424    -1.334174 
66431    -0.710120 
66432    -0.178428 
66433    0.000000 
66434    -4.044727 
66441    -6.27821999
66442    -7.15963347596435
66443    -14.857999256978573
66444    -15.81830506719313
71111    0.000000 
71112    0.000000 
71113    0.000000 
71114    0.000000 
71121    -0.853096 
71122    0.000000 
71123    -0.077819 
71124    -0.728806 
71131    0.000000 
71132    0.000000 
71133    0.000000 
71134    0.000000 
71141    0.000000 
71142    0.000000 
71143    0.000000 
71144    0.000000 
71211    0.000000 
71212    0.000000 
71213    0.000000 
71214    0.000000 
71221    0.000000 
71222    -0.216716 
71223    -3.318796 
71224    -2.681115 
71231    0.000000 
71232    0.000000 
71233    0.000000 
71234    0.000000 
71241    0.000000 
71242    0.000000 
71243    0.000000 
71244    0.000000 
71311    -0.350000 
71312    0.000000 
71313    0.0
71314    0.0
71321    -1.752062 
71322    -0.775094 
71323    -9.291254 
71324    -1.874086 
71331    0.000000 
71332    0.000000 
71333    0.000000 
71334    0.000000 
71341    -16.823342614140838
71342    -17.966491478846383
71343    -37.45094522156318
71344    -27.08908983
71411    0.000000 
71412    0.000000 
71413    0.000000 
71414    0.000000 
71421    0.000000 
71422    0.000000 
71423    0.000000 
71424    0.000000 
71431    0.000000 
71432    0.000000 
71433    0.000000 
71434    0.000000 
71441    0.000000 
71442    0.000000 
71443    0.000000 
71444    0.000000 
72111    0.000000 
72112    0.000000 
72113    0.000000 
72114    0.000000 
72121    -0.074606 
72122    -0.366782 
72123    -1.773183 
72124    -0.942253 
72131    0.000000 
72132    0.000000 
72133    0.000000 
72134    0.000000 
72141    0.000000 
72142    0.000000 
72143    0.000000 
72144    0.000000 
72211    -2.184876 
72212    -0.376986 
72213    -7.247341 
72214    -6.721334 
72221    -2.439386 
72222    -2.5477858412439467
72223    -20.479059016636498
72224    -6.332334 
72231    0.000000 
72232    0.000000 
72233    0.000000 
72234    0.000000 
72241    -5.92783584371894
72242    -9.890328767979067
72243    -12.830959 
72244    -9.189809 
72311    -2.645840 
72312    -3.980346 
72313    -7.79223095
72314    -6.013035 
72321    -5.533805870787772
72322    -0.39462648390000005
72323    -22.07776097864579
72324    -14.207409540571156
72331    0.000000 
72332    0.000000 
72333    0.000000 
72334    0.000000 
72341    -12.86752812316461
72342    -16.497620337581758
72343    -53.935123033208235
72344    -46.87496782951959
72411    0.000000 
72412    0.000000 
72413    0.000000 
72414    0.000000 
72421    0.000000 
72422    0.000000 
72423    0.000000 
72424    0.000000 
72431    0.000000 
72432    0.000000 
72433    0.000000 
72434    0.000000 
72441    0.000000 
72442    0.000000 
72443    0.000000 
72444    0.000000 
73111    0.000000 
73112    0.000000 
73113    0.000000 
73114    0.000000 
73121    0.000000 
73122    0.000000 
73123    0.000000 
73124    0.000000 
73131    0.000000 
73132    0.000000 
73133    0.000000 
73134    0.000000 
73141    0.000000 
73142    0.000000 
73143    0.000000 
73144    0.000000 
73211    -1.112040 
73212    -3.513141 
73213    -1.198560 
73214    -0.218783 
73221    -0.04965993192897
73222    -0.659211 
73223    -4.301292 
73224    -9.480845 
73231    0.000000 
73232    0.000000 
73233    0.000000 
73234    -0.840648 
73241    -6.358816585167483
73242    -6.364362 
73243    -29.799417 
73244    -24.406017 
73311    0.000000 
73312    -1.389949 
73313    0.000000 
73314    -6.067133 
73321    -5.851629932046526
73322    -3.884263 
73323    -11.403125 
73324    -9.311027 
73331    0.000000 
73332    0.000000 
73333    0.000000 
73334    0.000000 
73341    -14.021481184354263
73342    -12.2030496621
73343    -35.168049 
73344    -35.081166 
73411    0.000000 
73412    0.000000 
73413    0.000000 
73414    0.000000 
73421    0.000000 
73422    0.000000 
73423    0.000000 
73424    0.000000 
73431    0.000000 
73432    0.000000 
73433    0.000000 
73434    0.000000 
73441    -0.350000 
73442    0.000000 
73443    0.000000 
73444    0.000000 
74111    0.000000 
74112    0.000000 
74113    0.000000 
74114    0.000000 
74121    0.000000 
74122    0.000000 
74123    0.000000 
74124    0.000000 
74131    0.000000 
74132    0.000000 
74133    0.000000 
74134    0.000000 
74141    -0.395096 
74142    -0.151728 
74143    0.000000 
74144    0.000000 
74211    -0.487942 
74212    0.422549 
74213    -6.187245 
74214    -4.023030 
74221    -3.179120 
74222    -3.997889807189164
74223    -6.126658 
74224    -7.693806762985324
74231    -0.705976 
74232    0.000000 
74233    0.000000 
74234    0.000000 
74241    -10.009358 
74242    -8.326263 
74243    -31.806476 
74244    -29.865343 
74311    -0.371961 
74312    -0.418086 
74313    -1.723140 
74314    -3.330756 
74321    -7.219900262671059
74322    -6.720262 
74323    -15.326404 
74324    -13.034671 
74331    0.000000 
74332    -0.899407 
74333    0.000000 
74334    0.000000 
74341    -9.370710 
74342    -5.272754 
74343    -25.242982 
74344    -24.542575 
74411    0.000000 
74412    0.000000 
74413    0.000000 
74414    0.000000 
74421    0.000000 
74422    0.000000 
74423    0.000000 
74424    0.000000 
74431    0.000000 
74432    0.000000 
74433    0.000000 
74434    0.000000 
74441    0.000000 
74442    0.000000 
74443    0.000000 
74444    0.000000 
75111    -0.191968 
75112    -0.039220 
75113    0.000000 
75114    0.000000 
75121    0.000000 
75122    0.000000 
75123    0.000000 
75124    0.000000 
75131    0.000000 
75132    0.000000 
75133    0.000000 
75134    0.000000 
75141    -4.870574 
75142    -2.317915 
75143    -9.518825 
75144    -10.864169 
75211    -2.483356 
75212    -4.4966193256899505
75213    -9.094922 
75214    -3.115439 
75221    -1.229842 
75222    -0.746504 
75223    -0.520761 
75224    -3.171420 
75231    -0.701304 
75232    -0.513810 
75233    -1.909530 
75234    0.000000 
75241    -17.364540 
75242    -6.035149 
75243    -50.865712 
75244    -30.699762 
75311    -1.163370 
75312    -2.810041 
75313    -9.348064 
75314    -5.206667 
75321    -4.022184 
75322    -5.800183 
75323    -15.714578 
75324    -7.356037 
75331    0.000000 
75332    -0.592722 
75333    0.000000 
75334    0.000000 
75341    -14.135287 
75342    -7.998248 
75343    -25.943941 
75344    -26.347323 
75411    0.000000 
75412    0.000000 
75413    0.000000 
75414    0.000000 
75421    0.000000 
75422    0.000000 
75423    0.000000 
75424    0.000000 
75431    0.000000 
75432    0.000000 
75433    0.000000 
75434    0.000000 
75441    0.000000 
75442    0.000000 
75443    0.000000 
75444    0.000000 
76111    0.000000 
76112    0.000000 
76113    0.000000 
76114    0.000000 
76121    0.000000 
76122    0.000000 
76123    0.000000 
76124    0.000000 
76131    0.000000 
76132    0.000000 
76133    0.000000 
76134    0.000000 
76141    -1.037556 
76142    -2.143034 
76143    -6.021136 
76144    -8.703644 
76211    0.000000 
76212    -0.342671 
76213    -0.350000 
76214    0.000000 
76221    0.000000 
76222    0.000000 
76223    0.000000 
76224    0.000000 
76231    0.000000 
76232    0.000000 
76233    0.000000 
76234    0.000000 
76241    -8.172149 
76242    -3.951341 
76243    -16.731325 
76244    -20.948895 
76311    0.000000 
76312    0.000000 
76313    0.000000 
76314    -2.114877 
76321    -2.167778 
76322    -2.071925 
76323    -7.350582 
76324    -8.470549 
76331    0.000000 
76332    -0.372138 
76333    0.000000 
76334    0.000000 
76341    -3.832220 
76342    -4.056781 
76343    -12.426317 
76344    -13.025664 
76411    0.000000 
76412    0.000000 
76413    0.000000 
76414    0.000000 
76421    0.000000 
76422    0.000000 
76423    -2.498827 
76424    0.000000 
76431    0.000000 
76432    0.000000 
76433    0.000000 
76434    0.000000 
76441    0.000000 
76442    0.000000 
76443    0.000000 
76444    0.000000 
81111    0.000000 
81112    0.000000 
81113    0.000000 
81114    0.000000 
81121    -0.150707 
81122    -0.159282 
81123    -3.464670 
81124    0.000000 
81131    0.000000 
81132    0.000000 
81133    0.000000 
81134    0.000000 
81141    0.000000 
81142    0.000000 
81143    0.000000 
81144    0.000000 
81211    0.000000 
81212    0.000000 
81213    0.000000 
81214    0.000000 
81221    -2.156758 
81222    -2.9680965471438308
81223    -12.495908 
81224    -13.851621 
81231    0.000000 
81232    0.000000 
81233    0.000000 
81234    0.000000 
81241    0.000000 
81242    0.000000 
81243    0.000000 
81244    0.000000 
81311    0.000000 
81312    0.000000 
81313    0.000000 
81314    0.000000 
81321    -4.214208725900152
81322    -1.973265 
81323    -10.600233 
81324    -9.233165 
81331    0.000000 
81332    0.000000 
81333    0.000000 
81334    0.000000 
81341    0.000000 
81342    0.000000 
81343    0.000000 
81344    0.000000 
81411    0.000000 
81412    0.000000 
81413    0.000000 
81414    0.000000 
81421    0.000000 
81422    0.000000 
81423    0.000000 
81424    0.000000 
81431    0.000000 
81432    0.000000 
81433    0.000000 
81434    0.000000 
81441    0.000000 
81442    0.000000 
81443    0.000000 
81444    0.000000 
82111    0.000000 
82112    0.000000 
82113    0.000000 
82114    0.000000 
82121    -1.507969 
82122    0.000000 
82123    -1.910496 
82124    -4.810620 
82131    0.000000 
82132    0.000000 
82133    0.000000 
82134    0.000000 
82141    0.000000 
82142    0.000000 
82143    0.000000 
82144    0.000000 
82211    0.000000 
82212    0.000000 
82213    0.000000 
82214    0.000000 
82221    -8.048840 
82222    -3.2208836478872107
82223    -13.706538 
82224    -21.315357 
82231    0.000000 
82232    0.000000 
82233    0.000000 
82234    0.000000 
82241    0.000000 
82242    0.000000 
82243    0.000000 
82244    0.000000 
82311    -1.901113 
82312    -1.356722 
82313    -10.025238 
82314    -12.369750 
82321    -4.19034672
82322    -6.063735 
82323    -20.883908 
82324    -21.622232 
82331    0.000000 
82332    0.000000 
82333    0.000000 
82334    0.000000 
82341    -0.889372 
82342    -2.3633487494733783
82343    -2.205553 
82344    -6.646322 
82411    0.000000 
82412    0.000000 
82413    0.000000 
82414    0.000000 
82421    0.000000 
82422    0.000000 
82423    0.000000 
82424    0.000000 
82431    0.000000 
82432    0.000000 
82433    0.000000 
82434    0.000000 
82441    0.000000 
82442    0.000000 
82443    0.000000 
82444    0.000000 
83111    0.000000 
83112    0.000000 
83113    0.000000 
83114    0.000000 
83121    0.000000 
83122    0.000000 
83123    0.000000 
83124    0.000000 
83131    0.000000 
83132    0.000000 
83133    0.000000 
83134    0.000000 
83141    0.000000 
83142    0.000000 
83143    0.000000 
83144    0.000000 
83211    0.000000 
83212    -0.355916 
83213    0.000000 
83214    0.000000 
83221    -4.14956589325992
83222    -2.728944 
83223    -19.639531 
83224    -13.938322 
83231    0.000000 
83232    0.000000 
83233    0.000000 
83234    0.000000 
83241    0.000000 
83242    -0.503194 
83243    0.000000 
83244    -5.536676000159243
83311    -2.431519 
83312    -2.721911 
83313    -1.165750 
83314    -5.657085 
83321    -5.288516255360793
83322    -6.242936090429148
83323    -11.408793 
83324    -19.418632 
83331    0.000000 
83332    0.000000 
83333    0.000000 
83334    0.000000 
83341    0.000000 
83342    0.000000 
83343    -4.557496 
83344    -5.836676000159243
83411    0.000000 
83412    0.000000 
83413    0.000000 
83414    0.000000 
83421    0.000000 
83422    0.000000 
83423    0.000000 
83424    0.000000 
83431    0.000000 
83432    0.000000 
83433    0.000000 
83434    0.000000 
83441    0.000000 
83442    0.000000 
83443    0.000000 
83444    0.000000 
84111    0.000000 
84112    0.000000 
84113    0.000000 
84114    0.000000 
84121    0.000000 
84122    0.000000 
84123    0.000000 
84124    0.000000 
84131    0.000000 
84132    0.000000 
84133    0.000000 
84134    0.000000 
84141    0.000000 
84142    0.000000 
84143    0.000000 
84144    0.000000 
84211    0.000000 
84212    0.000000 
84213    -2.097404 
84214    -1.512286 
84221    -4.070469 
84222    -5.375991009232291
84223    -15.147774 
84224    -14.066173 
84231    0.000000 
84232    0.000000 
84233    0.000000 
84234    0.000000 
84241    0.06954887609999999
84242    0.000000 
84243    -3.504206 
84244    -1.512062 
84311    0.000000 
84312    0.000000 
84313    0.000000 
84314    0.000000 
84321    -8.458920834563543
84322    -9.098120146718887
84323    -16.399022 
84324    -17.256515 
84331    0.000000 
84332    0.000000 
84333    0.000000 
84334    0.000000 
84341    0.000000 
84342    0.000000 
84343    0.000000 
84344    -2.273229 
84411    0.000000 
84412    0.000000 
84413    0.000000 
84414    0.000000 
84421    0.000000 
84422    0.000000 
84423    0.000000 
84424    0.000000 
84431    0.000000 
84432    0.000000 
84433    0.000000 
84434    0.000000 
84441    0.000000 
84442    0.000000 
84443    0.000000 
84444    0.000000 
85111    0.000000 
85112    0.000000 
85113    0.000000 
85114    0.000000 
85121    0.000000 
85122    0.000000 
85123    0.000000 
85124    0.000000 
85131    0.000000 
85132    0.000000 
85133    0.000000 
85134    0.000000 
85141    0.000000 
85142    0.000000 
85143    0.000000 
85144    0.000000 
85211    -1.234204 
85212    -0.955138 
85213    0.000000 
85214    -3.582949 
85221    -0.901198 
85222    -0.496532 
85223    -3.767485 
85224    -6.262367 
85231    0.000000 
85232    0.000000 
85233    0.000000 
85234    0.000000 
85241    0.000000 
85242    -1.772506 
85243    0.000000 
85244    -0.490694 
85311    -0.543071 
85312    0.000000 
85313    0.000000 
85314    -0.806110 
85321    -6.501154223485195
85322    -8.929315 
85323    -12.358615 
85324    -19.257663 
85331    -0.387527 
85332    0.000000 
85333    0.000000 
85334    0.000000 
85341    -1.341697 
85342    -0.066293 
85343    -0.957700 
85344    -1.469286 
85411    0.000000 
85412    0.000000 
85413    0.000000 
85414    0.000000 
85421    0.000000 
85422    0.000000 
85423    0.000000 
85424    0.000000 
85431    0.000000 
85432    0.000000 
85433    0.000000 
85434    0.000000 
85441    0.000000 
85442    0.000000 
85443    0.000000 
85444    0.000000 
86111    0.000000 
86112    0.000000 
86113    0.000000 
86114    0.000000 
86121    0.000000 
86122    0.000000 
86123    0.000000 
86124    0.000000 
86131    0.000000 
86132    0.000000 
86133    0.000000 
86134    0.000000 
86141    0.000000 
86142    0.000000 
86143    0.000000 
86144    0.000000 
86211    -0.619201 
86212    0.000000 
86213    -4.027736 
86214    0.000000 
86221    0.000000 
86222    0.000000 
86223    0.000000 
86224    0.000000 
86231    0.000000 
86232    0.000000 
86233    0.000000 
86234    0.000000 
86241    0.000000 
86242    0.000000 
86243    0.000000 
86244    0.000000 
86311    0.000000 
86312    0.000000 
86313    0.000000 
86314    0.000000 
86321    -0.949742 
86322    -4.483906 
86323    -8.501101 
86324    -14.814123 
86331    0.000000 
86332    0.000000 
86333    0.000000 
86334    0.000000 
86341    0.000000 
86342    0.000000 
86343    0.000000 
86344    -2.340668 
86411    0.000000 
86412    0.000000 
86413    0.000000 
86414    0.000000 
86421    0.000000 
86422    0.000000 
86423    0.000000 
86424    0.000000 
86431    0.000000 
86432    0.000000 
86433    0.000000 
86434    0.000000 
86441    0.000000 
86442    0.000000 
86443    0.000000 
86444    0.000000 
